4003
4011
4017
4020
4029
4036
4060
4080
4117
4121
4124
4126
4128
4157
4159
4210
4215
4216
4217
4227
4264
4266
4270
4271
4284
4300
4305
4306
4313
4321
4323
4326
4327
4356
4398
4403
4414
4426
4428
4465
4484
4500
4501
4502
4503
4504
4505
4506
4510
4512
4514
4516
4520
4530
4535
4537
4538
4540
4544
4551
4552
4587
4607
4610
4619
4636
4640
4677
4744
4750
4767
4784
4789
4798
4828
4862
4867
4868
4888
4919
5107
5108
5113
5127
5177
5179
5181
5193
5194
5200
5221
5240
5243
5258
5259
5262
5267
5268
5280
5287
5295
5299
5301
5307
5316
5317
5338
5405
5424
5426
5434
5446
5452
5457
5466
5477
5491
5528
5581
5582
5583
4242












